type e p c
dispe 0.0511008769762068 0.552737939315536 1.21645375706579
dispe 0.184884627563475 0.512542959163511 1.67481563808547
dispe 0.0469830588898846 0.537418100177541 1.71194763246966
dispe 0.0415059432173842 0.484242399282045 1.21039888888628
dispe 0.127153887480433 0.493091433836181 1.34155436408919
dispe 0.0386655554477988 0.538110608063574 1.97320267798454
dispe 0.0747509675224678 0.470879685456439 1.19597165813642
dispe 0.0397840299452625 0.546270665734536 1.3561160265696
dispe 0.0941512561029085 0.459286542960437 1.32031008469007
dispe 0.0414160677250288 0.49399530465677 1.98018394985437
dispe 0.0439759769910071 0.517810449462466 1.177671106578
dispe 0.100083093073382 0.488816836588318 1.41057507203544
dispe 0.0471380634492374 0.449574583817872 1.15772739064522
dispe 0.0391563215433104 0.460999909372752 1.86266053862171
dispe 0.0786353243143013 0.561681685111439 1.29560151554637
dispe 0.0413176997633284 0.494857729182675 1.98725721414483
dispe 0.0383317352286412 0.548321971688845 1.24834813570891
dispe 0.0390994735944665 0.541574987451135 1.29938715746798
dispe 0.0465849552437306 0.46592722475554 1.16083723063379
dispe 0.156265467616292 0.51090784717947 1.43420866277613
dispe 0.0950756161838705 0.486148546681529 1.29377928494796
dispe 0.0297668534695954 0.492909719872978 1.51659837065422
dispe 0.0416096320036779 0.448375323453571 2.13925472640802
dispe 0.0391263791945586 0.555160372943683 1.17859567895327
dispe 0.0372400460987471 0.43991120488249 1.20022356936404
dispe 0.0485578282141413 0.586555207647867 1.27423076742041
dispe 0.0412222583964254 0.375531085135098 2.58494413402569
dispe 0.0414580136046088 0.466857485457418 1.7255641055558
dispe 0.038848552587835 0.49809476318413 3.15177116314787
dispe 0.148627316153653 0.499678690533514 1.58334630127662
herbi 0.109782100212301 0.517825730081431 1.61179169426464
herbi 0.293573995368014 0.509001404057898 1.55490867922361
herbi 0.0504099857026289 0.455981508605096 1.23340590957285
herbi 0.180075367094716 0.5008484467842 2.18394668954713
herbi 0.212975287708932 0.503472444769059 1.47859094219638
herbi 0.300425515663044 0.495866028424542 2.14320537495651
herbi 0.42998172068373 0.503203947579286 1.9892727202464
herbi 0.0888303610856433 0.480192312411885 1.21433249689409
herbi 0.0598313234530104 0.548385199061905 1.67384928007466
herbi 0.0940216132577897 0.462498011540227 1.35737815107714
herbi 0.224066559906529 0.493206268504914 2.22139701743881
herbi 0.268638435783934 0.511207315046919 1.55944183047146
herbi 0.45869525706969 0.500497950647259 1.83566401986987
herbi 0.339000517771605 0.510622965563178 1.95852877299557
herbi 0.412137266640987 0.497514216324788 2.02678717092393
herbi 0.413976423553027 0.497470911136708 2.02661300144484
herbi 0.411550945260755 0.49851767589435 2.02802682675052
herbi 0.272691075994642 0.508093886770723 1.58543086488678
herbi 0.136732485660546 0.518288648555445 1.57545776813627
herbi 0.127021001392912 0.499599474749271 1.325922565196
herbi 0.400223183380389 0.498580796116944 2.05899311495447
herbi 0.0212987255613239 0.461795218508366 1.7145002363611
herbi 0.0999358916890822 0.454201439594665 1.29822859649676
paras 0.0392654367551755 0.432208449090059 1.20535728289563
paras 0.0445827212520126 0.446250914172156 1.37142936408301
paras 0.0423289662610148 0.470790486074526 1.19908897650673
paras 0.0320431837751545 0.493954727273526 2.0326981379887
paras 0.0503047994466835 0.427627923685126 1.23348856739372
paras 0.0330516751330399 0.556318848542581 1.26461958394927
paras 0.0388888501939174 0.432148105756363 1.29437547778983
paras 0.0402110238180974 0.421991158565617 1.46155010826454
paras 0.0328407039329876 0.60204399868436 3.72963850699785
paras 0.0322534398138113 0.475120739528325 1.29431613334758
paras 0.0396399564428629 0.478826500677156 1.29444503763004
paras 0.0472987199721417 0.438610839821123 1.17183692405352
paras 0.0398373478907664 0.454443921872986 1.46670286109839
paras 0.0765172439609755 0.518132032060792 1.32472464469956
paras 0.0388169319156137 0.447312101463114 1.39387555037969
paras 0.0334367605537794 0.481950901099123 1.2139831542926
paras 0.0402153735625264 0.436844325079118 1.42801025126014
paras 0.0344673768645263 0.387523070371925 2.07590458714596
paras 0.0416299464767058 0.540985149333401 1.32676836307371
paras 0.0315569899866413 0.442446695215205 1.86748666736085
paras 0.0391177443475498 0.439853276081412 1.61530212798054
paras 0.17782012853044 0.521640406894217 1.45220204537221
paras 0.037100350575439 0.480637552995854 1.78881229484602
paras 0.0548112727335719 0.444432799727695 1.19153435922195
paras 0.0353706399573495 0.460305924938472 2.28715538421106
paras 0.0406411824003491 0.461896229043769 1.22681540553156
paras 0.0355060596422638 0.440775532112355 1.22902341183165
paras 0.0439343502173452 0.46545182997599 1.17819012985661
paras 0.050924232024716 0.469064583616897 1.16874071743643
paras 0.0447255728315866 0.487218832229283 1.24382385784649
paras 0.0398431007576222 0.439402008289546 2.39525803036898
paras 0.0343179227423943 0.426397126491289 1.28227156033675
paras 0.0411380219815931 0.521872287453523 2.41163755377654
paras 0.0490750715696468 0.445928419591902 1.189973131703
paras 0.0358002731961836 0.489216250706071 1.20292255343541
paras 0.0431884404187013 0.506003614746351 1.28840822851068
paras 0.0446539321589902 0.442433402676327 1.20798638437329
paras 0.0303768694670392 0.537331451002593 3.09805123151268
paras 0.0439870064451325 0.385203186999464 1.77945118290806
paras 0.0400765985934277 0.401408485116534 1.93051992829543
paras 0.0446004070401165 0.509956755213327 1.17511023288714
paras 0.0377448662876587 0.475041804998932 1.1710564792131
paras 0.0416719310149061 0.507683966008735 1.83082897054264
paras 0.0644565477588227 0.505061335513978 1.18955022251374
paras 0.0436842207746951 0.48648410203775 1.21608269593386
paras 0.0313833441574969 0.417110368433172 2.4381091736357
paras 0.0280619276626268 0.467716506470563 1.2749668320059
paras 0.0409633720068803 0.520196891309996 1.20249785294714
paras 0.0559579996684209 0.464324531689841 1.16319122683303
paras 0.0436013655818112 0.441414338337452 1.34201942259412
paras 0.0385151327515952 0.562824144925783 1.5395921824702
paras 0.040652655651871 0.433568725512679 1.49245540957065
paras 0.0401142825118402 0.522456782490461 2.18251095658975
paras 0.04007930677162 0.511192406185488 1.68646215029619
paras 0.0280035927156061 0.518226255101982 3.09946686686654
paras 0.0405953732026978 0.515419477754716 1.2735534117933
paras 0.0288880766286881 0.43527314132511 3.16152719793025
paras 0.0414555440243927 0.440991966028387 1.49345499770921
paras 0.0463464449826803 0.479019668747552 1.22306388564143
paras 0.0329028657973532 0.48951553658246 2.87050294597252
paras 0.0374964732130045 0.534125097674023 1.49905447456985
paras 0.0457451206939888 0.545624036197629 1.319388154566
paras 0.0361152900687374 0.513377399615093 1.84524986563059
paras 0.0454621656520263 0.454269549021104 1.16578259649431
paras 0.0396250237570906 0.475751034602599 1.81250332620297
paras 0.0355505819986454 0.458971212852617 1.37747743916461
paras 0.042756590905789 0.485445324407373 1.22019134088893
paras 0.0390241174806222 0.51128346616023 1.63631088696358
paras 0.0530375689210732 0.466675085039791 1.16190136292736
paras 0.0280807653617617 0.275066952623347 5.26673729390516
paras 0.040198584078642 0.379673390455771 1.92520016553311
paras 0.0388540436051336 0.412844906057581 1.34877641974504
paras 0.0354357852163677 0.502693718073592 1.20018773737574
paras 0.0370224474421924 0.556551514712111 1.96754832176644
paras 0.0440602306828611 0.437231837962481 1.1858932784384
paras 0.0420471408238062 0.440377822543554 1.29901928607273
paras 0.0674398995738698 0.434328371413328 1.20195027884715
paras 0.0702157571705504 0.498045326871488 1.32520399944197
paras 0.0327840147519625 0.401649319949878 1.61933350372303
paras 0.0400235480247746 0.495768349639631 1.86331681430673
paras 0.0330334727807619 0.382844151746951 1.38049392111191
paras 0.0430548264605507 0.513700250152192 1.23590190588278
paras 0.052485498805202 0.491965850986384 1.14391414384592
paras 0.0337324648038997 0.576572134351517 1.24135560469771
paras 0.0434685976357739 0.479558681014669 1.18676085922961
paras 0.0385007196817769 0.424268366448605 1.24711284966567
paras 0.036555587593652 0.478313030667759 1.69063366560095
paras 0.0414435663720141 0.482167168078789 1.1998327658818
paras 0.0431026450567109 0.489086392333776 1.55083613903517
paras 0.0285870073870148 0.504615670205765 1.31249040611933
paras 0.0442757627316672 0.487113877062471 1.15077277981293
paras 0.0380807180006361 0.473509490518673 1.24816580778526
paras 0.0413439562244688 0.452951215212828 1.65496091862866
paras 0.0399416064825482 0.476560743856075 1.24552854694577
paras 0.0359028360559011 0.379253926912414 3.05384999823864
paras 0.0339180783529106 0.467975696966719 1.24647984175025
paras 0.0444103660314082 0.48152832095809 1.63241201801636
paras 0.0348528642441019 0.51260221032519 3.01645575964259
paras 0.0389758365082005 0.421579906826223 2.37010038073089
paras 0.0681607003360546 0.493599631871387 1.18606741521456
paras 0.0495634102612109 0.422589173781368 1.21997462374889
paras 0.0421239039783494 0.5261685128358 1.21863462766761
paras 0.0424404649525043 0.480293474762042 1.21023480595469
paras 0.120393750223524 0.511335710666895 1.53002172033353
paras 0.0350015795748062 0.358642410070611 1.49609898663511
paras 0.0455368073563175 0.496071831686107 1.2842288753849
paras 0.0392161611252256 0.48754852781101 1.2758861407051
paras 0.0455689088449759 0.472870610394925 1.16987789172545
paras 0.0359070052901964 0.429234969421082 2.19286440296366
paras 0.0367568268554438 0.449042263338975 1.20281747701443
paras 0.0457429929620079 0.529472849225777 1.26315831415146
paras 0.0371405818867701 0.575374781857361 1.86764425309907
paras 0.0389197822449414 0.4358497967082 1.29655280982347
paras 0.0515244778816888 0.455804539275881 1.21973065561151
paras 0.0522230242757772 0.558790652022571 1.20942470295072
paras 0.0297694642995545 0.528696748691926 1.86457781201811
paras 0.037056336382241 0.533730127019668 2.96887687129952
paras 0.0306508603319181 0.592613772838344 3.26198189772813
paras 0.0375218709838303 0.41056244818718 2.14242487238349
paras 0.049360520997411 0.392887241515194 1.25542201395737
paras 0.0411272136357556 0.453503447337646 1.54888738738144
phage 0.0406228329746827 0.431854193041566 1.39044588646852
phage 0.0327728904534116 0.592067035444575 1.49566702054788
phage 0.0396893129265114 0.452562610752453 1.80403807370555
phage 0.0320224918684002 0.560130886465791 1.34160244591972
phage 0.0384723190768668 0.305983024263028 4.0252514892268
phage 0.0423275603473033 0.588357746838476 1.40923545560489
phage 0.0469131362191287 0.453775649384093 1.17549845707009
phage 0.0343763106856946 0.4471159564075 2.18746340910346
phage 0.0443556572495516 0.561664928120234 2.17453122919476
phage 0.142178841717605 0.502738197754001 0.364566028954748
phage 0.0366614453181476 0.635879036387976 2.67339846634969
phage 0.0423475332572485 0.530230545014407 1.15129976229124
phage 0.0428112051323965 0.576925196206769 2.46459113315806
phage 0.0419373143228904 0.512903361765517 1.37169203628263
phage 0.0379889450965429 0.558408195763588 2.81218439855689
phage 0.0296221034746824 0.505176595142699 1.38078000843583
phage 0.0377803537113886 0.566882714770402 2.64378637090409
phage 0.0600378552837114 0.487617911835831 1.92018541962984
phage 0.0398225982761833 0.442060072552105 1.70879674134783
phage 0.106527581274876 0.535523548199462 1.31803168814146
phage 0.0270081186199004 0.553123031091365 1.44052676642626
phage 0.0421402855196305 0.5256716233061 2.20965368787232
phage 0.0373095856977119 0.422488701079835 1.2915269509855
phage 0.0411325241066168 0.484287532694918 1.48321617240392
phage 0.0456745754971758 0.515329022018239 1.98694647767618
phage 0.10581633095816 0.521563937265208 1.23546569773102
phage 0.0241566588650439 0.49140189912222 1.44008078787319
phage 0.0510434223650938 0.53357088876 2.485589834779
phage 0.0266598394241004 0.487246299057531 1.90773055093608
phage 0.0717945199903875 0.401006587209083 1.45631365636474
phage 0.0227465442741028 0.491999037051345 1.94273076890824
phage 0.0426620872097255 0.336814046925838 3.01972109285946
phage 0.0466296193707617 0.584365469735362 2.51579702821079
phage 0.0420317591984735 0.519596733973842 1.20076243182187
phage 0.196295052644182 0.311155359477063 3.91685971909937
phage 0.0340548065776084 0.638980546807813 3.07797813842876
phage 0.0453203664682625 0.572885381525089 1.51719761620351
phage 0.0440045184676087 0.565542019331667 1.29529441357592
polli 0.223495227977641 0.509490364195373 1.66935037568246
polli 0.222695184371361 0.502650776601562 1.65582230411696
polli 0.157754195209735 0.494228234639607 1.43242501132638
polli 0.116899399136056 0.471914106717312 1.48983850315276
polli 0.0737037015921378 0.500484367284381 1.2619649730319
polli 0.149853246083076 0.501252461250954 1.499411390765
polli 0.049510268505448 0.528816655867965 1.3063757820956
polli 0.192668219259186 0.513847878009875 1.69289655071123
polli 0.189000544177636 0.516491814076665 1.54613671569587
polli 0.164549339432673 0.523702077927243 1.54168688524318
polli 0.106240940979362 0.479528521807165 1.45486597770258
polli 0.188798225973975 0.518661001154716 1.53376469764
polli 0.19732934512729 0.520175863828691 1.46272889476417
polli 0.204688330468595 0.510797529727604 1.63146628810814
polli 0.0441039102278257 0.427325672166348 1.32814520088535
polli 0.0464803497445474 0.422465850680922 1.25086182825278
polli 0.22580627206821 0.515030107596359 1.49243813526024
polli 0.113360382105883 0.523291864829643 1.24835219928985
polli 0.161378143505656 0.518368968051723 1.39817759432131
polli 0.0709758033252123 0.492652180232434 1.15428181800084
polli 0.104763599213777 0.466931945088876 1.38700166833436
polli 0.1407674648747 0.522336592802291 1.40350458813467
polli 0.112768511936947 0.499943824760853 1.59948202421455
polli 0.147961428599664 0.506085364553758 1.41219054585761
polli 0.0427446536203161 0.565726036177465 1.18954321435521
polli 0.0490759501699552 0.576556117231992 1.25414791244894
polli 0.227809443187092 0.502575895140601 1.57554807219483
polli 0.227287845984463 0.508927630971532 1.61492085038797
polli 0.132676802100445 0.501827763894893 1.52346526966727
polli 0.0381058696051305 0.450262214415729 1.25925231376468
polli 0.0925897020963853 0.480217905326603 1.65936216507206
polli 0.251294628361894 0.509024966826315 1.57029724021147
polli 0.107084684470876 0.502384557871408 1.32672594989838
polli 0.197093659670237 0.517091713024407 1.57517593170532
polli 0.143094485382663 0.492080880629077 1.56709414706136
polli 0.0854489803290195 0.52140376613718 1.34745641214173
polli 0.0404954887813432 0.58717824216102 1.36408691144743
polli 0.224311070783777 0.50741812956424 1.65747234677798
polli 0.146847497372249 0.49677949113671 1.4593769887567
polli 0.191762280697155 0.515238596442959 1.70512436073472
polli 0.0785991955377759 0.46209051374205 1.18539957221703
polli 0.102751822806291 0.485574094756463 1.33901083682638
polli 0.247894014105338 0.506432662293258 1.59057360404024
polli 0.130642500121438 0.495274387844083 1.49230523584684
polli 0.202772070698062 0.510191315899808 1.47133663817913
polli 0.107889162722114 0.469116416267674 1.38714332602373
polli 0.156597269154196 0.49116604858817 1.72098729171146
polli 0.0558723755097338 0.52656048312278 1.13781680528359
polli 0.14929489362824 0.506941345834162 1.39418692997702
polli 0.125576415132004 0.481876333213954 1.64160314869579
polli 0.0613750997641852 0.469139698128981 1.46939172166447
polli 0.0277679750089498 0.48722951412213 1.29839804774912
polli 0.159018611178643 0.512899743856959 1.4481201970613
polli 0.0413008805682642 0.540026779072373 1.2994514521295
polli 0.200114566518254 0.516746523604626 1.56712209957999
polli 0.205984407432468 0.510288171235148 1.46480121252756
polli 0.0837419288867988 0.57143211484117 1.33666926989935
polli 0.0668253332935859 0.467413011136558 1.5410867545361
polli 0.0296185526427215 0.629149459994797 1.52447519251215
