p e c dist
0.585011318960725 0.0830776025591301 3.90696851615181 0.646435074191208
0.716533570975865 0.531863036574491 1.61276099791087 0.526779237103843
0.170460757523101 0.419374247593402 1.32649905628066 0.728246408641751
0.868222230009774 0.891865684457777 1.11946869030646 0.714249226000358
0.806616679370692 0.762386079141948 1.18682874007826 0.513886821149133
0.504015778046908 0.0381738286325933 2.34121586497068 0.510195372830759
0.44997707518377 0.00174896771954528 5.14030117736938 0.511728375045977
0.636741852593827 0.213805149721882 2.24855846213627 0.515943199213688
0.284219225245159 0.183096774608786 1.55902029529347 0.520592683856846
0.388513162581881 0.079432646091711 2.96591782681595 0.580232739204602
0.457972115595228 0.0873304723434636 2.75088894918978 0.510893065172205
0.585234260446443 0.404229650927964 1.41937080524514 0.49833906970989
0.691055983635575 0.0885782323203285 2.27798951714317 0.519887717753904
0.530004899566936 0.544303827231069 1.9075797592703 0.500273106910505
0.736937031938076 0.0634417650908662 2.43792574713168 0.492881807762294
0.538803919905779 0.187872173773926 2.25147247023032 0.558492474239519
0.731853757676183 0.754326008786125 1.0605098564283 0.533491242038099
0.201869926905575 0.215526184761582 1.79320770504773 0.606162850861051
0.731196730087422 0.0413350721004324 2.38344605526213 0.48725299322863
0.175472397546547 0.602702671564622 1.40393553083319 0.480420120785562
0.264384745435397 0.13995770722868 1.80022230427365 0.506510513398417
0.38418718442766 0.817629625931616 2.06754717947478 0.478594944463237
0.265450714907652 0.0584025209470185 2.05750042447485 0.742473833494802
0.204142810589737 0.725142011861902 1.38514117418261 0.690887956289484
0.427542055779828 0.694658778830643 1.26596459840679 0.508831472390377
0.0566946123215578 0.695128759919362 1.25544754345794 0.538498708379712
0.33802002275219 0.0545365052008143 1.80861452541676 0.476081518518203
0.51008766933161 0.942733857936545 0.974666332794139 0.470487369374238
0.402137321616126 0.0268796368738546 2.38722796663565 0.482450465684586
0.196374103383291 0.659535128856403 1.19899967950429 0.588045406626811
0.633720966199683 0.125648468019219 1.81256296911815 0.537994026146145
0.655186612640824 0.268164188664958 2.60316900966914 0.512410523752467
0.187699990323512 0.397782306530022 1.45244071888274 0.589772667843039
0.370021662355778 0.770322238961075 1.15442230252817 0.493027861525234
0.816972075657511 0.147838176661949 2.07634154906124 0.505599481379564
0.474367023087899 0.727268677255632 1.35262800971442 0.474162239913883
0.381252570903574 0.559747055739393 1.76280574968849 0.508956245154102
0.296453572977129 0.362511689866001 2.76534534857304 0.506059369731906
0.38737011765369 0.80485236403927 1.37910871626192 0.479830240345681
0.541898461733636 0.294369789406855 2.16663734252532 0.475364618919912
0.731628843535101 0.337148224015664 2.10122932232904 0.472273409543305
0.312091814074979 0.348700139126985 1.28753144652277 0.644623724884906
0.407555946926215 0.0116692159640001 2.94437684561408 0.552383229172057
0.462682814740826 0.171961616428316 2.59319634440238 0.490813969099354
0.140676249031299 0.975944438126887 1.04613292645136 0.526561452832838
0.435309020618822 0.0707545219113874 2.52228065293975 0.525834718315171
0.513073168792864 0.182590056058261 3.14222617791358 0.532078118482257
0.741811403249138 0.113304271115636 2.31690660109256 0.712515047908708
0.566935816323662 0.028618312298242 3.95272568884134 0.515818372980269
0.756522813747941 0.480769133860556 1.35812555772078 0.608521170029965
0.6321798574813 0.11191844853189 2.42659945304717 0.483634222020745
0.280469580838861 0.914223620508603 1.15889397829991 0.503928480378864
0.565084883628625 0.231004422417733 1.18923375154645 0.498137612008207
0.309051532237271 0.212301753172436 2.54374528167601 0.493215804905114
0.300494939218457 0.316874562536781 2.28416038621807 0.48220625295965
0.871110682989389 0.846266764379971 1.08895452629336 0.556588147651146
0.98795951341164 0.925008940434074 0.883732901974422 0.526315040338789
0.39779788791297 0.231121608018799 1.80625212820577 0.477305299500172
0.32837861876492 0.135990572559899 2.02282263248136 0.478715576303418
0.267469640120167 0.893462623250527 1.17895827773828 0.48119209581025
0.385721728763993 0.035092905300832 2.6693249880183 0.649563505109956
0.720246081672136 0.338595094867838 1.88847095686541 0.528711194902833
0.280066349268039 0.382733791481361 1.76109072642026 0.713557393055041
0.312265288993453 0.15638011040401 2.01520765895121 0.483560937073251
0.284135001785899 0.124490702460818 1.63321238629771 0.507756296623052
0.879334712636725 0.946521679040338 0.903319901476915 0.574093168030932
0.683837190225863 0.622242814962053 1.78471083576636 0.491756664772003
0.340414752606891 0.726424933169394 1.52580348417258 0.481964722176754
0.227744062162088 0.375797891191934 1.40473148009359 0.475257303401967
0.681823383057373 0.0755850013505246 4.20637458401264 0.518324708960885
0.727594979068731 0.610134983764368 1.93231139656283 0.87506743200039
0.382093435413705 0.0748182878032602 2.25049512045894 0.488295578291534
0.78934567360679 0.273179336611632 2.12484905537736 0.554363978180961
0.802516991955159 0.430777600855888 1.62166263210646 0.938327305023519
0.482485373722086 0.238692409404607 2.0946185967239 0.538503824041336
0.793260853502733 0.598821982379348 1.30781795148676 0.634148554456277
0.331392035406914 0.18796340572875 2.22437399296707 0.560251885900234
0.414130213985846 0.268422451873827 2.6874342701946 0.556258980098354
0.621115004247358 0.749948707567335 1.33195428706214 0.546298810281137
0.587391107793123 0.0400122720907763 2.0703860742176 0.476640841356108
0.406896204585899 0.1858608508625 2.21917781886151 0.514859909962947
0.451031938965138 0.22508465955332 1.91929688242558 0.490731700750232
0.795241989892233 0.746700873462648 1.31352406838565 0.89185996992736
0.412441820790174 0.864048950775224 1.08846300900379 0.505452935657918
0.392032946389189 0.0214915765214152 2.90041996153871 0.639853750785169
0.57211932337204 0.711521825461942 1.73099780072999 0.495157304902007
0.183568506001741 0.633250735611955 1.42291024235518 0.69615778099489
0.698834772345928 0.321586205347109 2.406179602336 0.532184057256079
0.548463017997273 0.470954899460144 1.51521672190217 0.538009239334251
0.353998581315055 0.377738448455666 1.83736413382689 0.532987281854852
0.710579866568632 0.799313698908359 1.58643345181467 0.540159143222118
0.180514617024696 0.968468399818518 0.892574223194242 0.502474967765979
0.578809194302585 0.252702385674264 1.8639784183314 0.502841798003236
0.300996445359449 0.0627905874450279 1.60634571107111 0.601040259518842
0.546092753774946 0.394702274373447 1.61395905971784 0.533841409500831
0.617095095522594 0.180520285412204 2.26020079877539 0.55684871037337
0.336860378722355 0.0906420551579133 1.70498244555333 0.517374971845049
0.778742681591925 0.321254873851283 2.07212995718254 0.621256776683564
0.340374317260122 0.866406872193314 1.58204623919954 0.473111501632558
0.351274254014864 0.0638008843674178 2.39349356407578 0.535696230300774
0.763707876495057 0.177699916296872 1.44256745204134 0.518133687109469
0.653488085073147 0.319579334141804 1.9350381435819 0.488445063470812
0.651633114891957 0.952310944961336 1.37125096986966 0.546865155409855
0.302687749595249 0.228704089042694 1.96410745113998 0.707309302695556
0.381844741037994 0.153986683582387 2.28645382046146 0.526612854979591
0.745895347710983 0.305923286269569 1.45072496075686 0.480019779235843
0.690728327860195 0.428072206852925 2.0905780005378 0.50792929111674
0.43337820964005 0.625511337970506 1.57100678121841 0.480873415361061
0.363579827517414 0.215740832640881 1.70831581953026 0.478759093490852
0.348422438136344 0.0352616525910037 2.48943192808032 0.500523364984653
0.263719225996986 0.0183127050870456 2.37476133521743 0.484545340562107
0.750453927995912 0.0592975170787749 2.08431441762291 0.676773622172913
0.451428097476329 0.213673832767178 2.10759646342768 0.538630645126091
0.437135799639879 0.0737568351702009 2.41385397544988 0.494670648577882
0.236161789500882 0.864842901693195 1.24757497883015 0.499191609635265
0.37362837029518 0.00937266730950297 2.46777698233878 0.537702383479449
0.420904923267925 0.925531308974443 1.57852967534189 0.528674738476476
0.541597782327908 0.0977550780200143 2.37302958669447 0.587388239116243
0.714568648079981 0.720226892090346 1.11617951417364 0.552023798340206
0.587165975094029 0.400137956499153 1.67038131593575 0.500823030451129
0.501310436162161 0.0948676605050849 1.68795482344727 0.54328985990066
0.406601914407103 0.0308306537148462 3.55884013462374 0.489934606280268
0.417120921271925 0.409931459013599 1.86231002681686 0.502660404584933
0.523564229322688 0.0125260736096813 2.33113612291966 0.566136489470151
0.51957439351118 0.0722932765071287 2.30842803181618 0.527137455405595
0.774833091346988 0.59789759243472 1.36121861577932 0.491775551970633
0.413937534770269 0.686688076770886 1.34064158197595 0.486955701036253
0.653839588564093 0.127594439834971 2.60213669932236 0.509110410448299
0.536639214938916 0.375123723195166 1.97190468924534 0.514831736456802
0.628411520500249 0.203014701918554 2.88363168250146 0.519920269794968
0.691119026988023 0.0286729368094592 3.56899663487414 0.69963597554847
0.624872885336638 0.0213591506155296 2.2609610355273 0.474249662728296
0.66324996634738 0.21451263095638 1.45168277420954 0.56882522457502
0.508769756029862 0.908169626919828 1.82633300990986 0.495497947675614
0.749665852691714 0.313653638635499 1.87776254339984 0.5055206957579
0.442744113305826 0.741442692047284 1.30574849780374 0.497354595525332
0.251521229939819 0.845974638479971 1.73987851490096 0.555555977037935
0.599832398284019 0.0861868566685137 1.93800039148429 0.645484346873774
0.494088624307068 0.126221923633552 2.07873386650034 0.580501030047738
0.309921445755584 0.148858218348407 2.73945283755231 0.491665160907356
0.764482403471569 0.463993907827988 1.29727840104682 0.619177304938657
0.412277885563751 0.00585950070636218 4.24569183736709 0.490432476120004
0.705913386808604 0.0725871382915027 2.72202571108542 0.510009525147688
0.690077848630033 0.387563535951142 1.4675801398112 0.524959926007899
0.530536624795905 0.660097452560793 1.52697910428222 0.495017846580253
0.540384614035373 0.517816211100742 1.41771260654804 0.525475250970024
0.469457486621438 0.0147488856082323 2.83624625438052 0.510019192971328
0.643662835123032 0.11653005175981 2.6642661857888 0.480789999661676
0.887539561078778 0.179288163570781 1.6182924412295 0.485680533071884
0.723997208815244 0.113069721180232 2.42089739189744 0.651631042627561
0.649892781022675 0.0272277105285719 2.06092151115228 0.479771804546014
0.377290041974516 0.930278103173676 1.5026278102117 0.471914005790521
0.572527107530959 0.222396362247149 2.08771530824174 0.508536007445149
0.254266337631099 0.355824891119312 1.82953457113811 0.472253503206684
0.651049906774288 0.0772060601452747 2.03069996102498 0.537753365311368
0.568318482783811 0.311153186655683 2.0452248340783 0.498850157205608
0.106319340747563 0.731948707389603 1.00429132109163 0.526985907242546
0.670919184087428 0.844395569681606 1.20846046218906 0.489106244664853
0.558059442381806 0.00512932043118233 3.92358434538495 0.641850858026848
0.422298696135738 0.760464856619154 1.54020805837586 0.493913609443316
0.343752297496987 0.541365812111798 1.3324922570325 0.489020552745204
0.243926469387369 0.46089751321537 1.54522016364487 0.486836692345694
0.787184063982771 0.344242419822004 1.34637932201105 0.6062189004045
0.561643469657119 0.102999890108165 2.50442634317152 0.520651987144823
0.518556797633302 0.0645319468474973 1.56250625308242 0.504458620187698
0.570999501235373 0.0393410259799482 3.54014783483181 0.490562226327868
0.208591640476749 0.236070062107991 1.49711682526256 0.619736232397054
0.323430861024391 0.268102694578845 2.11096316472579 0.475677517025715
0.242958018930881 0.0483394305798544 2.18307137136068 0.47594953470745
0.327619434089378 0.252860031945955 1.69637917354098 0.541785286038664
0.662449146965888 0.337135709450713 1.87750971733966 0.553369599720917
0.36151300519137 0.416496900507786 1.59025098568227 0.589656532264678
0.129194081383101 0.838297527403744 1.23750388473833 0.717286561977652
0.290766582405734 0.0945216389468119 1.53506568842539 0.634333816322633
0.441260107413688 0.159967163061667 2.2715915031174 0.521886918494835
0.29477230252335 0.677806180005059 1.27652404874074 0.550641098631105
0.0853823496205879 0.944151622621595 0.869060290824648 0.559429967521741
0.363043205069522 0.0455407022625097 2.36203403937925 0.562800125650695
0.752857659426828 0.38861627869991 2.3585828837763 0.475088709328651
0.141517926571157 0.579884649561835 1.14676988463891 0.486582702571361
0.302700373273182 0.767684293402035 1.56157095638531 0.5219061714286
0.861022326069118 0.987153369094951 0.937984010748519 0.505575750148545
0.682018896265957 0.378289392339597 2.16985248642349 0.58443112930613
0.635066267686019 0.261156929500198 1.29027057742006 0.512929847180761
0.828981708004614 0.272158125047688 1.86183021561007 0.945691751382141
0.0975625342721894 0.814114897579083 1.03493249381255 0.594719835699259
0.243085672012116 0.0587562071044957 1.74422100811091 0.546251746737964
0.298374424205404 0.20585088661607 2.28512878317305 0.614345045667995
0.599998048798189 0.216259752683539 3.09220802256075 0.476562559709997
0.615591155018119 0.127449919693727 2.21374196812835 0.536836201745491
0.787407337548815 0.25195830448279 1.84233209742039 1
0.555510209037546 0.0715944682550313 1.61577609344667 0.516063410092086
0.798835127589391 0.789733924766088 1.36851265855022 0.658196706234823
0.596393787547957 0.0842117254842277 1.75003845311759 0.543696558182133
0.126272023254246 0.362641486181231 1.55633319150706 0.525212594204169
0.307354847852131 0.652045674461709 1.86032391464787 0.750085542190431
0.141142687443889 0.602372501600976 1.27693273582159 0.652821010600442
0.776056341589911 0.465476794450016 1.41988337518721 0.535126551305569
0.795519564475093 0.519156674445088 1.47636453399794 0.578540053762349
0.719747562014449 0.260227677254067 1.96442801606366 0.568857238435942
0.575923535793801 0.363214910231038 1.56826113897732 0.501173640418635
0.83673208176531 0.709220927491857 1.43450124068942 0.530333299687442
0.436215716309766 0.863355057366109 1.1255007192851 0.488535347182122
0.425111513299009 0.226812496324746 2.19014001317346 0.477209368414063
0.246577228860958 0.601240025629896 1.47516588762994 0.566924763246961
0.709819421697504 0.0737062212195698 2.10182185872112 0.505664335176916
0.504404812105791 0.974419757697724 0.994754128283246 0.474957667540093
0.232076487881133 0.401079108597387 1.79474378909239 0.898345143475161
0.392455933272642 0.216695009540453 1.96042348514648 0.473489279244026
0.45502995824269 0.231725563310504 1.65599529654753 0.490522212969361
0.556442749174211 0.377308472815954 2.05244721626095 0.524506135583923
0.359221926576154 0.133316239433134 2.36058552212543 0.52525419515645
0.529183378094841 0.437576210373509 2.1532534280523 0.499752293895686
0.527141834756698 0.487305465559657 1.70295102580717 0.516901586678317
0.538845496208372 0.194357430479404 2.84002361988932 0.586797911977372
0.730327579930055 0.0234088870402189 2.26774777349084 0.502607420940182
0.660581539629055 0.0788634183481638 2.92589436663018 0.496986474877952
0.434056349502446 0.00937518890849551 3.07168240538988 0.582102147529977
0.523302178597771 0.30888927038991 1.38556118897162 0.516341314853734
0.691981965472316 0.521478985146868 1.65499349289093 0.496741455949009
0.214815628595426 0.12027302467659 2.26033268180438 0.518401002407909
0.700059816349874 0.31724514768228 1.80035909169438 0.475171243232864
0.548911218163731 0.172898824124666 2.22999659635928 0.515405852259847
0.436292831133989 0.185267472630927 1.89099113030088 0.689513947781671
0.552598776397658 0.506348475139421 1.8324337528891 0.479954955034638
0.664442659280111 0.289560074826678 1.98116083237375 0.490641927837595
0.303049254504192 0.0984851877083407 2.41318340990258 0.631202499580846
0.638350130871914 0.690536276849767 0.98613677980394 0.536487861953181
0.760574047467479 0.0571504477109465 1.70738490946134 0.510389631812203
0.431945088181551 0.0144572811470022 2.86155492954998 0.484185111002411
0.196693135071364 0.262513895784627 1.74258915976838 0.48355951819916
0.677151549246486 0.714273096786776 1.63808635736039 0.590186433141438
0.31623034858091 0.290061156202291 1.79070023371835 0.527307219878909
0.627019792576754 0.173278292532082 2.58568309437716 0.48856278876886
0.666280703196465 0.754020471499792 1.35497867872392 0.494659195062075
0.580317816842283 0.390442325440352 1.78009573080889 0.512205827931261
0.290549672890576 0.136637390757396 1.60719370884303 0.495180110092855
0.652689010283254 0.540803764649564 1.50625524091795 0.541623241111096
0.385869975524447 0.00926303920706146 3.4080510287626 0.545267199781767
0.564944229152264 0.358228730466083 1.96166799627864 0.473334126820151
0.707340302558753 0.429676250192869 2.20717726074422 0.870436010702529
0.100565581382294 0.978765696117702 1.00316939983329 0.476218745420002
0.661472712387456 0.0512095945517528 1.91484075202098 0.623410098870838
0.475644623027181 0.240354588227989 1.48277308157271 0.520696459268384
0.473716183224031 0.5973518833853 2.05505740158096 0.475632648094291
0.430214058921886 0.0816930137253899 1.77325833755484 0.476648878096017
0.904988411963667 0.767380297280157 1.13034588892444 0.551153285260888
0.549384593633931 0.135621559128912 1.59206382481837 0.473751687402241
0.411844619017558 0.0278210052492191 3.43489430696201 0.621951387587219
0.498895684265075 0.145514554502666 1.85584111722782 0.546437744911866
0.204316968445977 0.0616066061264285 2.08236220982437 0.509423248020452
0.636932091388257 0.819968626235276 1.36428113778603 0.495105355490952
0.473256274823189 0.516077356517319 1.32033685377709 0.520960202577524
0.575567411542641 0.0232520830772717 2.5821198773354 0.619110885805742
0.803349842749955 0.696432715752555 1.20897461778901 0.51387616500348
0.22921581721633 0.28980535778531 1.6957018254687 0.510730291480126
0.313466217433018 0.0948761426841568 1.88204593628909 0.567800802270248
0.361464285540346 0.250566468996566 2.93787299117039 0.52775068746145
0.209429081001385 0.917754838929744 1.12040039265771 0.474478089367217
0.444029315931342 0.392341803775901 1.64723537634176 0.503473796275592
0.59064614045583 0.0168097190311678 2.916868408534 0.487929110839972
0.364130114674998 0.0236631818180571 2.09660074094305 0.545965606509842
0.328362917639123 0.475139834451897 1.92890472020411 0.471975196533665
0.422085581449316 0.191851808678592 2.075639452051 0.471805352302772
0.57490189979126 0.0689404426141122 2.97050216929297 0.479865379345352
0.463679546396935 0.383096546530292 1.91295569019445 0.558180258483887
0.777525193516684 0.268384049014391 1.81900114509249 0.493026193023008
0.477547900203274 0.208779676740526 2.33135049853169 0.491527159564093
0.475574391724224 0.116368427551924 2.54513309046377 0.523724012922539
0.290119318593209 0.0410489913468761 2.39145603915382 0.480109862928589
0.280562508345009 0.759960796384197 1.28620365065915 0.500629703049552
0.192976778380439 0.560932365939185 1.26430194367753 0.776913751168089
0.549347675289497 0.0556357059131227 2.50627982061969 0.472945858575665
0.598404588925269 0.271338669486799 2.53186149727776 0.530462482518528
0.63498796178149 0.940657620862919 1.34436128048135 0.494256916581106
0.386356514390347 0.844102631853322 1.09915706309296 0.490098540465334
0.489304296281377 0.00379078389454076 2.8442377297272 0.507005599727427
0.160947623638656 0.383999154581908 1.51922479210863 0.564337572218966
0.437287381248349 0.379598884670824 2.43104572372645 0.483799858247115
0.264162191118235 0.054765844181363 1.84189217428387 0.546688829788751
0.417591747339867 0.789329934774767 1.56575981544032 0.494084524098511
0.623385765534255 0.723877229453159 1.1248597775583 0.488460434718218
0.541566567408243 0.0510542051634886 2.30582907569943 0.605151553516235
0.647395471008969 0.470139850347218 1.92242400489275 0.628436053301476
0.318817034944059 0.4321828648982 2.22000011398083 0.533804062697115
0.412534496448749 0.0523625280013823 2.49996021915748 0.524597642186089
0.37569111614124 0.430659256482968 1.84277263670905 0.542183302594933
0.319602240078611 0.389348420010189 1.3066330358264 0.560374902193058
0.583987701024691 0.429582569629195 1.28937735660314 0.534554679892495
0.415015561649774 0.0662030648143671 2.35776700544288 0.669171054934217
0.709739639446149 0.443234330836962 2.24427799576365 0.663834069403156
0.835704146253177 0.196425483864129 1.80672726348575 0.524213790983777
0.33105121732222 0.192301978456368 2.49809875147424 0.550773046167053
0.415948647300265 0.26884728994912 2.02799955924906 0.509577061218835
0.730059157756952 0.119260862846821 2.20831611280413 0.471743269919543
0.109536807481769 0.449697251331096 1.45408942458187 0.524404193002583
0.680590423954476 0.0203909518531905 2.47523962393396 0.62388725155382
0.524155821326211 0.260238030490098 1.61422978835139 0.507031217833854
0.572244008157564 0.130677936478262 2.95868553050805 0.637851019882734
0.411121612353628 0.104931914572275 1.79110331200969 0.520813408237623
0.707796601667436 0.673742612484376 1.38117430126058 0.48057126515662
0.646122564995123 0.0118648609118921 1.99226360729928 0.502667830703988
0.548862378772851 0.0890836650402011 3.41470135584103 0.477552898741411
0.348249331280649 0.337443249610794 1.73656145080732 0.53683799239967
0.586542353834796 0.0627813549103006 1.73173951061176 0.487969619528602
0.509327377496781 0.0239753886020516 2.32627193220258 0.667385003338085
0.371918796734819 0.162452563700047 1.79793092524083 0.485073332370892
0.645509047162183 0.0175237669624355 2.08854987329075 0.525810648766961
0.498639446581577 0.582946919442835 1.93859133874422 0.527838361378631
0.410389943462726 0.00418620916295721 2.78269254519868 0.521021091066059
0.691669152664393 0.63075861063257 1.51140643003744 0.480250101672371
0.871547785243414 0.689504665141125 1.2262383318724 0.483817092754249
0.243367812767945 0.200696561843688 2.40872245788891 0.5223312339474
0.153747751523179 0.647192781458362 1.84146646400047 0.539341644613758
0.48342855387981 0.102556344804369 2.20626263012438 0.543096107713074
0.619035756247773 0.153322904417987 2.09437874921007 0.674091177634534
0.631930989207082 0.015150010197827 2.04451929010482 0.495010089530569
0.307826837008431 0.374086079867812 1.26311236156896 0.504307187836971
0.801054565695878 0.0887626021387939 2.20245718853947 0.478959022209203
0.543324347927507 0.56539794429682 1.22489970310817 0.475710377645939
0.779345174376383 0.235536072756023 2.31786970240182 0.585252009601165
0.629336594605566 0.297629642684758 1.93699919023227 0.509720800886883
0.65987714641202 0.0174578204455231 2.73144058017528 0.725770830520957
0.349041564316909 0.329700268389688 1.45366980568012 0.471822136838303
0.290599529549227 0.208588829449646 3.04255190380901 0.526504019480066
0.500005666192296 0.00553359040432098 2.91521227056208 0.472849133459542
0.630859134211248 0.371272259073638 1.82149086123694 0.684679074372944
0.731507063478754 0.0267859313974708 2.10353925578621 0.489433094535012
0.541988575645728 0.311664071152059 2.18833710214501 0.515780824090271
0.616430660814298 0.0622375328646242 2.16547481994995 0.49253993401005
0.521066943419103 0.283377541623139 1.42324502927359 0.509747413713946
0.485295177241975 0.041697485721957 2.234296403876 0.492514156871773
0.390784828355315 0.509732557125839 1.16102180575669 0.507703805420985
0.403123871789755 0.102680851021611 3.5851627341386 0.513636227219386
0.355331792378917 0.0598416797966949 2.10237693960629 0.533086526892376
0.20820615546801 0.776931080797503 1.35564101964272 0.477354909498267
0.818489175627068 0.350627552866331 1.40009452068589 0.566105375296341
0.296751067255139 0.0273648877832209 2.75367191744941 0.550334073028471
0.41590580039281 0.552331045150061 1.88896242368971 0.509498087503899
0.67932585577571 0.12068676447386 2.17859699483843 0.51874945867817
0.497918136604638 0.694619593447101 1.56247936021583 0.490874850619814
0.855830133927999 0.281438306105292 1.77562746838943 0.528784262492601
0.301444191775653 0.314118255315437 1.9569368233964 0.56372124491411
0.69311449931652 0.054527836345332 3.03996833008584 0.551333218173486
0.559276514316311 0.531115341312088 1.96104354243068 0.504978766659879
0.575830709350696 0.162675039498607 2.99589403319669 0.471863695890286
0.730908813313427 0.143584992470889 2.18160842107046 0.619300505119752
0.303311313129066 0.26353867809386 1.27977961004796 0.483282534760717
0.955254901080531 0.840131506705753 1.00648917469273 0.802932581333594
0.651754675422948 0.0430573804203372 2.2301845781437 0.484330264759066
0.742755899371404 0.349104630048308 1.67857475137093 0.519934322331748
0.684995887351219 0.0632608505753774 2.13567638672035 0.50072130796349
0.260276501778891 0.111835499315853 2.24774328910881 0.517196254843364
0.389855114013597 0.0398498676510645 2.7016931799861 0.506610925664286
0.510363361472496 0.344537968563239 1.61145603653299 0.526476720834503
0.580794817609335 0.0739454490210897 1.93373123188666 0.484919241554785
0.37683816158902 0.166109769211996 2.83208492967214 0.642529306435956
0.635748591295156 0.516766932173229 1.45697851290152 0.636586165522679
0.686582254636036 0.119199912435248 1.99973265248959 0.586849221056596
0.600483545425696 0.0356749179768902 2.22361216961968 0.591873381907204
0.242663319485674 0.280495345515516 1.37138221050681 0.535361825602141
0.351796188219044 0.795537067350138 1.88660185064661 0.473400972327804
0.519381615468997 0.496551764946341 2.38536933304659 0.587566446053191
0.707590714304893 0.166111561720145 2.00340455140556 0.480425782874547
0.597166035892134 0.196433934564474 1.77349992553185 0.512492887266469
0.335479838097062 0.214322837649851 2.30287791631117 0.496871115809631
0.851260467908858 0.119981477559752 1.66953542170557 0.560220222477201
0.859605411152534 0.447056785347804 1.61111381710546 0.495546626142062
0.296309481217217 0.110606275921563 2.27754639250611 0.60192626902429
0.557282237640523 0.171499254177006 2.30157029399388 0.538135056745905
0.638044569459618 0.0549067209788945 2.30345670313335 0.472402374624213
0.465068866111027 0.41184666206131 1.78435025209021 0.513902641429334
0.519805416564563 0.282631712439982 1.9669011291454 0.512135248754384
0.570775407195126 0.145291853985375 1.76720185190526 0.790677936264407
0.853756918928283 0.389228928769948 1.24142261476024 0.602674190648981
0.385007790929541 0.193008500409767 2.43987440960743 0.483845638207154
0.25978008982432 0.172521847038363 1.79600059257603 0.51901265829565
0.633594607579843 0.125543132658607 2.461939137447 0.554646091914588
0.421497229784166 0.654896591408596 1.66806002255888 0.498192489618907
0.270179782687127 0.249858061984796 1.45539481775497 0.47244381506939
0.30956819659246 0.0580942582165342 2.14039973272262 0.47659736716152
0.307560248529285 0.686179384698105 1.06538588464489 0.52209542863361
0.335772938421632 0.141455246914344 1.59442296426692 0.573537938255542
0.479983749267647 0.704543715021347 2.04838856001002 0.506463087033766
0.732666561791831 0.0321437770546383 2.64702226697281 0.472449972507682
0.208331030088755 0.413699197483041 1.42256371132872 0.480539475314027
0.244935152826211 0.65176707798972 1.7502385670986 0.923229082287152
0.514031014786684 0.330377293265767 2.36077274906952 0.53146530230346
0.727881612524784 0.112215003429654 1.75834389246415 0.488348113064985
0.58050730211621 0.475888037405316 2.50842816045508 0.57161305161652
0.359730078438636 0.705730548677229 1.47127813558414 0.532075764841801
0.378519368347106 0.118515266050283 4.28562507404453 0.534125421915607
0.309690155217498 0.341864076237725 1.96614930782961 0.488625178986514
0.709431207629886 0.610470185179652 1.66706196337796 0.59160671949734
0.232016939990686 0.103026908058001 1.7071790206445 0.504636550816188
0.369047824607444 0.397517663267974 1.69284286887807 0.569071298353183
0.762031481386441 0.222795071323929 2.32926787004513 0.47300413421082
0.561343570415181 0.317227907944964 2.521366401935 0.49177096311892
0.293906435298027 0.081634093161751 3.00513866539495 0.569024559382914
0.44290017149854 0.0294871942055239 2.40041571657879 0.472816966739196
0.57101098660946 0.399014907335613 1.69626920167364 0.481676442311665
0.442655840250985 0.0262631505196521 2.77092491251263 0.520935471004141
0.441809758314465 0.0204631562804035 2.33550385824664 0.51347076779692
0.721999711810232 0.598231838255943 1.36788534442247 0.544741558352673
0.302470509503197 0.568838530465745 1.66514026008959 0.629792516039796
0.461362757476627 0.0624283950795541 2.83983079116328 0.536989466017612
0.760810923649724 0.0176255864058321 2.25239201590651 0.488450967210548
0.354862432430867 0.407251466743558 2.20397157036528 0.55936766559978
0.353083766158749 0.831750252268279 1.74959524094582 0.566087423969765
0.712564874530337 0.725345821948454 1.77026448253137 0.620965316377193
0.325565817003436 0.814234362753073 1.83415586817183 0.525400093658337
0.654837053928935 0.263110846039568 1.897282753087 0.579107924808585
0.615917704970713 0.13116018507043 2.89459846335511 0.501271337841048
0.336531477771422 0.208098843939434 1.8643470095801 0.543942934476936
0.645071610324055 0.76680514600621 1.13469475626686 0.476698769418223
0.206847654397649 0.0983847051026587 2.33050364469602 0.495402518544899
0.67602633693343 0.28717754792692 2.05031428069099 0.571168457512873
0.75816371097885 0.177827375731122 1.90893122465125 0.598485960987902
0.65115699190751 0.338287993123493 1.49305501454868 0.508892431438783
0.435919100899209 0.119580836678896 1.93370046978031 0.579856669234447
0.2316163171856 0.395384357725983 1.40403184069797 0.534002792570672
0.704790764261332 0.623202485288469 1.50730634157321 0.523637009216817
0.0755647008911693 0.849337185886159 1.14189084080608 0.521054935148918
0.313608744704375 0.253582360273776 1.36468266894365 0.567113195218503
0.382396914096921 0.602781921723052 1.31513925443223 0.487979640962957
0.503502032451084 0.0603229455716858 2.40918232859573 0.562092270203157
0.3622074408904 0.0163863979213439 3.0264599933773 0.474674117247399
0.685800759282979 0.431035058819386 1.40779887104377 0.490370595261883
0.52160662753346 0.371836149000665 1.29515211664352 0.52004587399262
0.483805554814833 0.136997151832275 2.10694660489474 0.666756773226367
0.540422018923296 0.0801900574962812 2.42409327031311 0.655365622506981
0.330496553266106 0.149282273785463 3.20735679864176 0.50302151035671
0.76003924983916 0.56229035024221 1.32845507877783 0.761095710258005
0.827744869814353 0.575371880391066 1.161602230005 0.782309397061974
0.33748490597367 0.146820672976328 2.76423400414937 0.595268805068215
0.402087330974588 0.192817467155956 1.67238456074448 0.562436496522895
0.456619659614024 0.0424710873999604 3.79744490120552 0.553971907660221
0.575295341844006 0.122834615509915 2.62965456977537 0.570405268186672
0.335912991497855 0.211684478781005 1.87333277579573 0.576535487952071
0.661398606901117 0.39686817257197 1.83155926902003 0.784144025696014
0.505073668281676 0.086499253656111 1.5914705716737 0.502813435071905
0.599150705390142 0.371805271878762 2.04838265365237 0.520910619577923
0.511719958999984 0.0248172826880868 2.21834582047708 0.519241933583611
0.559604842443684 0.206636828324586 2.06152309506555 0.496424238001246
0.594327211650474 0.353549317670556 1.33375407246331 0.55779076290384
0.598971961141595 0.0146665045485138 2.71593344980232 0.476183491907637
0.628060913211832 0.33288947317684 2.48882323014973 0.514053383730272
0.746834572142539 0.267054670864698 1.64442642968888 0.674187432214864
0.565436435571 0.537038863791445 1.32506151947841 0.491507829647253
0.612840854157391 0.0408119457707246 2.36154366611842 0.615256396605957
0.346672542412221 0.213853469896713 1.90352452880068 0.529139070161262
0.296333216930133 0.0637662307149615 1.90971673292104 0.522022419592693
0.353011694549248 0.0159747919427805 2.48787649776049 0.566881037665129
0.612365309525917 0.228905248591991 2.09427794519433 0.535472925451015
0.518497682587247 0.462068316390919 1.49244666204167 0.553252666568129
0.636005230465916 0.0909496975299947 1.69619854826031 0.472753273563764
0.3555399600027 0.0820169651583353 2.55307845753284 0.471244451802136
0.489634871897954 0.705110586067543 1.83850771034183 0.55319829478956
0.39013188312631 0.0364375288643526 2.17465634282433 0.587748517753347
0.700758657241298 0.456206332008629 1.39141019394298 0.472485866805206
0.655499476875344 0.0691412480012593 2.05437647593517 0.536308585271959
0.528496962741303 0.0154132837791032 3.93143935802403 0.488319423628717
0.733054967225425 0.826174686905581 1.2270053039957 0.756739316645078
0.538384178270293 0.169367439888729 2.09286352985431 0.524729034819137
0.410798170851918 0.0255423647396319 1.95999247643754 0.646662589032197
0.843028957424059 0.664855595773209 1.31611513229366 0.815228280194121
0.505449323385373 0.892456454137129 1.16228111653374 0.473193731862624
0.379785272301814 0.0368297895601221 3.34435092224406 0.58951968815717
0.136238623306801 0.777906826031185 1.02092962706969 0.591187347052291
0.915536036013208 0.885726401392674 1.17521159154573 0.598312868944671
0.601497005475432 0.416249035853815 1.99415172876364 0.474558747481396
0.349339056417186 0.427922596647296 1.96405991444677 0.507893647748628
0.651915449326483 0.699686601798967 1.50243131324075 0.508347086218518
0.332271937501024 0.707533767766173 1.55601083416192 0.531478631644352
0.318099197618549 0.190952639234262 1.8614335718433 0.723639040646343
0.712531526781338 0.428418590043576 1.6410953306742 0.561317646726313
0.406229100963574 0.271709629039172 1.7002312838541 0.515203332815984
0.669975702114068 0.138155553990323 2.50003728722446 0.596869614355594
0.576089008172844 0.960804028842485 1.59231765608949 0.476597609164195
0.263282172612038 0.23739117408554 1.66955755236571 0.482970077684723
0.295084394562682 0.818611763548723 1.27684052354855 0.479384707427868
0.30319222917884 0.140143655226657 2.92962009656807 0.4900665130749
0.539943237066759 0.44590156813586 1.79704185772449 0.520586457823028
0.709119326602031 0.936198475974754 0.99290998390176 0.486083672359589
0.624253394797704 0.756454803674366 1.64224079005917 0.517201249238518
0.556263479042618 0.122763251093585 2.93340710340096 0.526447871007942
0.532238592574096 0.00267501922657249 4.14587642223797 0.573818245887859
0.490809665310852 0.55526210936113 2.01619016753327 0.474929483397964
0.583318877247389 0.0670962717590892 2.83382299489983 0.506429193190904
0.441718845359881 0.0290433479907916 2.41674808445421 0.507101986659875
0.69617019841826 0.142626765888146 3.21109055330826 0.501508685189498
0.742740356820445 0.404174586783353 1.78029450633778 0.49705954869049
0.494678592410904 0.172501795611053 2.77407291834655 0.505520948531564
0.358132546615042 0.910137595846637 1.83005603575795 0.529409877733705
0.443158918016717 0.552880300050063 1.75587738520687 0.649560259656579
0.653781605587325 0.0181670482731239 2.59354829300892 0.620771806790553
0.292696232789381 0.0471496091758244 2.03262460027883 0.492517162400033
0.701989790586011 0.100315097943756 2.6061636745899 0.477738531304979
0.48116951921388 0.0861302106267337 1.72718135942939 0.579611505142528
0.781793356916605 0.926187346910731 0.867492406681526 0.530816001033283
